a contact +0 +211 0 6 1000
a contact +0 +211 6 0 1000
a contact +0 +293 1 8 1000
a contact +0 +293 8 1 1000
a contact +0 +384 2 9 1000
a contact +0 +384 9 2 1000
a contact +0 +384 4 7 1000
a contact +0 +384 7 4 1000
a contact +0 +387 3 8 1000
a contact +0 +387 8 3 1000
a contact +0 +387 5 6 1000
a contact +0 +387 6 5 1000
a contact +0 +702 1 3 1000
a contact +0 +702 3 1 1000
a contact +161 +1017 4 8 1000
a contact +161 +1017 8 4 1000
a contact +161 +1017 5 9 1000
a contact +161 +1017 9 5 1000
a contact +794 +1818 2 5 1000
a contact +794 +1818 5 2 1000
a contact +794 +1818 7 8 1000
a contact +794 +1818 8 7 1000
a contact +791 +1820 3 4 1000
a contact +791 +1820 4 3 1000
a contact +791 +1820 6 9 1000
a contact +791 +1820 9 6 1000
a contact +309 +2411 0 3 1000
a contact +309 +2411 3 0 1000
a contact +1595 +2451 2 6 1000
a contact +1595 +2451 6 2 1000
a contact +1595 +2451 3 7 1000
a contact +1595 +2451 7 3 1000
a contact +725 +2632 1 6 1000
a contact +725 +2632 6 1 1000
a contact +625 +2725 0 4 1000
a contact +625 +2725 4 0 1000
a contact +1403 +3251 0 7 1000
a contact +1403 +3251 7 0 1000
a contact +2228 +3252 3 8 1000
a contact +2228 +3252 8 3 1000
a contact +2228 +3252 5 6 1000
a contact +2228 +3252 6 5 1000
a contact +2225 +3254 2 9 1000
a contact +2225 +3254 9 2 1000
a contact +2225 +3254 4 7 1000
a contact +2225 +3254 7 4 1000
a contact +1244 +3342 1 9 1000
a contact +1244 +3342 9 1 1000
a contact +1594 +3687 1 2 1000
a contact +1594 +3687 2 1 1000
a contact +3029 +3885 4 8 1000
a contact +3029 +3885 8 4 1000
a contact +3029 +3885 5 9 1000
a contact +3029 +3885 9 5 1000
a contact +3661 +4686 3 4 1000
a contact +3661 +4686 4 3 1000
a contact +3661 +4686 6 9 1000
a contact +3661 +4686 9 6 1000
a contact +3659 +4688 2 5 1000
a contact +3659 +4688 5 2 1000
a contact +3659 +4688 7 8 1000
a contact +3659 +4688 8 7 1000
a contact +4463 +5319 2 6 1000
a contact +4463 +5319 6 2 1000
a contact +4463 +5319 3 7 1000
a contact +4463 +5319 7 3 1000
a contact +3297 +5375 0 2 1000
a contact +3297 +5375 2 0 1000
a contact +3746 +5493 1 7 1000
a contact +3746 +5493 7 1 1000
a contact +3671 +5763 0 5 1000
a contact +3671 +5763 5 0 1000
a contact +5095 +6120 2 9 1000
a contact +5095 +6120 9 2 1000
a contact +5095 +6120 4 7 1000
a contact +5095 +6120 7 4 1000
a contact +5093 +6122 3 8 1000
a contact +5093 +6122 8 3 1000
a contact +5093 +6122 5 6 1000
a contact +5093 +6122 6 5 1000
a contact +4289 +6256 0 6 1000
a contact +4289 +6256 6 0 1000
a contact +4273 +6378 1 8 1000
a contact +4273 +6378 8 1 1000
a contact +4570 +6678 1 3 1000
a contact +4570 +6678 3 1 1000
a contact +5897 +6753 4 8 1000
a contact +5897 +6753 8 4 1000
a contact +5897 +6753 5 9 1000
a contact +5897 +6753 9 5 1000
a contact +6045 +6918 1 4 1000
a contact +6045 +6918 4 1 1000
a contact +6529 +7554 2 5 1000
a contact +6529 +7554 5 2 1000
a contact +6529 +7554 7 8 1000
a contact +6529 +7554 8 7 1000
a contact +6527 +7556 3 4 1000
a contact +6527 +7556 4 3 1000
a contact +6527 +7556 6 9 1000
a contact +6527 +7556 9 6 1000
a contact +7331 +8187 2 6 1000
a contact +7331 +8187 6 2 1000
a contact +7331 +8187 3 7 1000
a contact +7331 +8187 7 3 1000
a contact +6824 +8282 1 6 1000
a contact +6824 +8282 6 1 1000
a contact +6282 +8316 0 3 1000
a contact +6282 +8316 3 0 1000
a contact +6723 +8812 0 4 1000
a contact +6723 +8812 4 0 1000
a contact +7963 +8988 3 8 1000
a contact +7963 +8988 8 3 1000
a contact +7963 +8988 5 6 1000
a contact +7963 +8988 6 5 1000
a contact +7961 +8990 2 9 1000
a contact +7961 +8990 9 2 1000
a contact +7961 +8990 4 7 1000
a contact +7961 +8990 7 4 1000
a contact +7207 +9247 0 7 1000
a contact +7207 +9247 7 0 1000
a contact +7286 +9396 1 9 1000
a contact +7286 +9396 9 1 1000
a contact +8765 +9621 4 8 1000
a contact +8765 +9621 8 4 1000
a contact +8765 +9621 5 9 1000
a contact +8765 +9621 9 5 1000
a contact +7569 +9678 1 2 1000
a contact +7569 +9678 2 1 1000
a contact +8657 +10152 1 5 1000
a contact +8657 +10152 5 1 1000
a contact +9397 +10422 3 4 1000
a contact +9397 +10422 4 3 1000
a contact +9397 +10422 6 9 1000
a contact +9397 +10422 9 6 1000
a contact +9395 +10424 2 5 1000
a contact +9395 +10424 5 2 1000
a contact +9395 +10424 7 8 1000
a contact +9395 +10424 8 7 1000
a contact +10096 +10852 1 7 1000
a contact +10096 +10852 7 1 1000
a contact +10198 +11054 2 6 1000
a contact +10198 +11054 6 2 1000
a contact +10198 +11054 3 7 1000
a contact +10198 +11054 7 3 1000
a contact +9273 +11231 0 2 1000
a contact +9273 +11231 2 0 1000
a contact +10831 +11856 2 9 1000
a contact +10831 +11856 9 2 1000
a contact +10831 +11856 4 7 1000
a contact +10831 +11856 7 4 1000
a contact +10829 +11858 3 8 1000
a contact +10829 +11858 8 3 1000
a contact +10829 +11858 5 6 1000
a contact +10829 +11858 6 5 1000
a contact +9771 +11864 0 5 1000
a contact +9771 +11864 5 0 1000
a contact +10151 +12232 0 6 1000
a contact +10151 +12232 6 0 1000
a contact +10286 +12392 1 8 1000
a contact +10286 +12392 8 1 1000
a contact +11632 +12488 4 8 1000
a contact +11632 +12488 8 4 1000
a contact +11632 +12488 5 9 1000
a contact +11632 +12488 9 5 1000
a contact +10588 +12693 1 3 1000
a contact +10588 +12693 3 1 1000
a contact +11455 +13221 1 4 1000
a contact +11455 +13221 4 1 1000
a contact +12265 +13290 2 5 1000
a contact +12265 +13290 5 2 1000
a contact +12265 +13290 7 8 1000
a contact +12265 +13290 8 7 1000
a contact +12263 +13292 3 4 1000
a contact +12263 +13292 4 3 1000
a contact +12263 +13292 6 9 1000
a contact +12263 +13292 9 6 1000
a contact +13066 +13922 2 6 1000
a contact +13066 +13922 6 2 1000
a contact +13066 +13922 3 7 1000
a contact +13066 +13922 7 3 1000
a contact +12281 +14114 0 3 1000
a contact +12281 +14114 3 0 1000
a contact +13699 +14724 3 8 1000
a contact +13699 +14724 8 3 1000
a contact +13699 +14724 5 6 1000
a contact +13699 +14724 6 5 1000
a contact +13697 +14726 2 9 1000
a contact +13697 +14726 9 2 1000
a contact +13697 +14726 4 7 1000
a contact +13697 +14726 7 4 1000
a contact +12808 +14909 0 4 1000
a contact +12808 +14909 4 0 1000
a contact +13117 +15220 0 7 1000
a contact +13117 +15220 7 0 1000
a contact +14500 +15356 4 8 1000
a contact +14500 +15356 8 4 1000
a contact +14500 +15356 5 9 1000
a contact +14500 +15356 9 5 1000
a contact +13275 +15366 1 9 1000
a contact +13275 +15366 9 1 1000
a contact +13626 +15723 1 2 1000
a contact +13626 +15723 2 1 1000
a contact +15133 +16158 3 4 1000
a contact +15133 +16158 4 3 1000
a contact +15133 +16158 6 9 1000
a contact +15133 +16158 9 6 1000
a contact +15131 +16160 2 5 1000
a contact +15131 +16160 5 2 1000
a contact +15131 +16160 7 8 1000
a contact +15131 +16160 8 7 1000
a contact +14321 +16239 1 5 1000
a contact +14321 +16239 5 1 1000
a contact +15934 +16790 2 6 1000
a contact +15934 +16790 6 2 1000
a contact +15934 +16790 3 7 1000
a contact +15934 +16790 7 3 1000
a contact +15327 +16945 0 2 1000
a contact +15327 +16945 2 0 1000
a contact +16567 +17591 2 9 1000
a contact +16567 +17591 9 2 1000
a contact +16567 +17591 4 7 1000
a contact +16567 +17591 7 4 1000
a contact +16565 +17594 3 8 1000
a contact +16565 +17594 8 3 1000
a contact +16565 +17594 5 6 1000
a contact +16565 +17594 6 5 1000
a contact +15829 +17937 0 5 1000
a contact +15829 +17937 5 0 1000
a contact +16106 +18216 0 6 1000
a contact +16106 +18216 6 0 1000
a contact +17368 +18224 4 8 1000
a contact +17368 +18224 8 4 1000
a contact +17368 +18224 5 9 1000
a contact +17368 +18224 9 5 1000
a contact +16261 +18317 1 8 1000
a contact +16261 +18317 8 1 1000
a contact +17324 +18618 0 9 1000
a contact +17324 +18618 9 0 1000
a contact +16675 +18767 1 3 1000
a contact +16675 +18767 3 1 1000
a contact +18001 +19025 2 5 1000
a contact +18001 +19025 5 2 1000
a contact +18001 +19025 7 8 1000
a contact +18001 +19025 8 7 1000
a contact +17999 +19028 3 4 1000
a contact +17999 +19028 4 3 1000
a contact +17999 +19028 6 9 1000
a contact +17999 +19028 9 6 1000
a contact +17225 +19234 1 4 1000
a contact +17225 +19234 4 1 1000
a contact +18802 +19658 2 6 1000
a contact +18802 +19658 6 2 1000
a contact +18802 +19658 3 7 1000
a contact +18802 +19658 7 3 1000
a contact +18473 +19659 0 3 1000
a contact +18473 +19659 3 0 1000
a range +0 +211 0 6 1000
a range +0 +211 6 0 1000
a range +0 +293 1 8 1000
a range +0 +293 8 1 1000
a range +0 +384 2 9 1000
a range +0 +384 9 2 1000
a range +0 +384 4 7 1000
a range +0 +384 7 4 1000
a range +0 +387 3 8 1000
a range +0 +387 8 3 1000
a range +0 +387 5 6 1000
a range +0 +387 6 5 1000
a range +0 +702 1 3 1000
a range +0 +702 3 1 1000
a range +161 +1017 4 8 1000
a range +161 +1017 8 4 1000
a range +161 +1017 5 9 1000
a range +161 +1017 9 5 1000
a range +794 +1818 2 5 1000
a range +794 +1818 5 2 1000
a range +794 +1818 7 8 1000
a range +794 +1818 8 7 1000
a range +791 +1820 3 4 1000
a range +791 +1820 4 3 1000
a range +791 +1820 6 9 1000
a range +791 +1820 9 6 1000
a range +309 +2411 0 3 1000
a range +309 +2411 3 0 1000
a range +1595 +2451 2 6 1000
a range +1595 +2451 6 2 1000
a range +1595 +2451 3 7 1000
a range +1595 +2451 7 3 1000
a range +725 +2632 1 6 1000
a range +725 +2632 6 1 1000
a range +625 +2725 0 4 1000
a range +625 +2725 4 0 1000
a range +1403 +3251 0 7 1000
a range +1403 +3251 7 0 1000
a range +2228 +3252 3 8 1000
a range +2228 +3252 8 3 1000
a range +2228 +3252 5 6 1000
a range +2228 +3252 6 5 1000
a range +2225 +3254 2 9 1000
a range +2225 +3254 9 2 1000
a range +2225 +3254 4 7 1000
a range +2225 +3254 7 4 1000
a range +1244 +3342 1 9 1000
a range +1244 +3342 9 1 1000
a range +1594 +3687 1 2 1000
a range +1594 +3687 2 1 1000
a range +3029 +3885 4 8 1000
a range +3029 +3885 8 4 1000
a range +3029 +3885 5 9 1000
a range +3029 +3885 9 5 1000
a range +3661 +4686 3 4 1000
a range +3661 +4686 4 3 1000
a range +3661 +4686 6 9 1000
a range +3661 +4686 9 6 1000
a range +3659 +4688 2 5 1000
a range +3659 +4688 5 2 1000
a range +3659 +4688 7 8 1000
a range +3659 +4688 8 7 1000
a range +4463 +5319 2 6 1000
a range +4463 +5319 6 2 1000
a range +4463 +5319 3 7 1000
a range +4463 +5319 7 3 1000
a range +3297 +5375 0 2 1000
a range +3297 +5375 2 0 1000
a range +3746 +5493 1 7 1000
a range +3746 +5493 7 1 1000
a range +3671 +5763 0 5 1000
a range +3671 +5763 5 0 1000
a range +5095 +6120 2 9 1000
a range +5095 +6120 9 2 1000
a range +5095 +6120 4 7 1000
a range +5095 +6120 7 4 1000
a range +5093 +6122 3 8 1000
a range +5093 +6122 8 3 1000
a range +5093 +6122 5 6 1000
a range +5093 +6122 6 5 1000
a range +4289 +6256 0 6 1000
a range +4289 +6256 6 0 1000
a range +4273 +6378 1 8 1000
a range +4273 +6378 8 1 1000
a range +4570 +6678 1 3 1000
a range +4570 +6678 3 1 1000
a range +5897 +6753 4 8 1000
a range +5897 +6753 8 4 1000
a range +5897 +6753 5 9 1000
a range +5897 +6753 9 5 1000
a range +6045 +6918 1 4 1000
a range +6045 +6918 4 1 1000
a range +6529 +7554 2 5 1000
a range +6529 +7554 5 2 1000
a range +6529 +7554 7 8 1000
a range +6529 +7554 8 7 1000
a range +6527 +7556 3 4 1000
a range +6527 +7556 4 3 1000
a range +6527 +7556 6 9 1000
a range +6527 +7556 9 6 1000
a range +7331 +8187 2 6 1000
a range +7331 +8187 6 2 1000
a range +7331 +8187 3 7 1000
a range +7331 +8187 7 3 1000
a range +6824 +8282 1 6 1000
a range +6824 +8282 6 1 1000
a range +6282 +8316 0 3 1000
a range +6282 +8316 3 0 1000
a range +6723 +8812 0 4 1000
a range +6723 +8812 4 0 1000
a range +7963 +8988 3 8 1000
a range +7963 +8988 8 3 1000
a range +7963 +8988 5 6 1000
a range +7963 +8988 6 5 1000
a range +7961 +8990 2 9 1000
a range +7961 +8990 9 2 1000
a range +7961 +8990 4 7 1000
a range +7961 +8990 7 4 1000
a range +7207 +9247 0 7 1000
a range +7207 +9247 7 0 1000
a range +7286 +9396 1 9 1000
a range +7286 +9396 9 1 1000
a range +8765 +9621 4 8 1000
a range +8765 +9621 8 4 1000
a range +8765 +9621 5 9 1000
a range +8765 +9621 9 5 1000
a range +7569 +9678 1 2 1000
a range +7569 +9678 2 1 1000
a range +8657 +10152 1 5 1000
a range +8657 +10152 5 1 1000
a range +9397 +10422 3 4 1000
a range +9397 +10422 4 3 1000
a range +9397 +10422 6 9 1000
a range +9397 +10422 9 6 1000
a range +9395 +10424 2 5 1000
a range +9395 +10424 5 2 1000
a range +9395 +10424 7 8 1000
a range +9395 +10424 8 7 1000
a range +10096 +10852 1 7 1000
a range +10096 +10852 7 1 1000
a range +10198 +11054 2 6 1000
a range +10198 +11054 6 2 1000
a range +10198 +11054 3 7 1000
a range +10198 +11054 7 3 1000
a range +9273 +11231 0 2 1000
a range +9273 +11231 2 0 1000
a range +10831 +11856 2 9 1000
a range +10831 +11856 9 2 1000
a range +10831 +11856 4 7 1000
a range +10831 +11856 7 4 1000
a range +10829 +11858 3 8 1000
a range +10829 +11858 8 3 1000
a range +10829 +11858 5 6 1000
a range +10829 +11858 6 5 1000
a range +9771 +11864 0 5 1000
a range +9771 +11864 5 0 1000
a range +10151 +12232 0 6 1000
a range +10151 +12232 6 0 1000
a range +10286 +12392 1 8 1000
a range +10286 +12392 8 1 1000
a range +11632 +12488 4 8 1000
a range +11632 +12488 8 4 1000
a range +11632 +12488 5 9 1000
a range +11632 +12488 9 5 1000
a range +10588 +12693 1 3 1000
a range +10588 +12693 3 1 1000
a range +11455 +13221 1 4 1000
a range +11455 +13221 4 1 1000
a range +12265 +13290 2 5 1000
a range +12265 +13290 5 2 1000
a range +12265 +13290 7 8 1000
a range +12265 +13290 8 7 1000
a range +12263 +13292 3 4 1000
a range +12263 +13292 4 3 1000
a range +12263 +13292 6 9 1000
a range +12263 +13292 9 6 1000
a range +13066 +13922 2 6 1000
a range +13066 +13922 6 2 1000
a range +13066 +13922 3 7 1000
a range +13066 +13922 7 3 1000
a range +12281 +14114 0 3 1000
a range +12281 +14114 3 0 1000
a range +13699 +14724 3 8 1000
a range +13699 +14724 8 3 1000
a range +13699 +14724 5 6 1000
a range +13699 +14724 6 5 1000
a range +13697 +14726 2 9 1000
a range +13697 +14726 9 2 1000
a range +13697 +14726 4 7 1000
a range +13697 +14726 7 4 1000
a range +12808 +14909 0 4 1000
a range +12808 +14909 4 0 1000
a range +13117 +15220 0 7 1000
a range +13117 +15220 7 0 1000
a range +14500 +15356 4 8 1000
a range +14500 +15356 8 4 1000
a range +14500 +15356 5 9 1000
a range +14500 +15356 9 5 1000
a range +13275 +15366 1 9 1000
a range +13275 +15366 9 1 1000
a range +13626 +15723 1 2 1000
a range +13626 +15723 2 1 1000
a range +15133 +16158 3 4 1000
a range +15133 +16158 4 3 1000
a range +15133 +16158 6 9 1000
a range +15133 +16158 9 6 1000
a range +15131 +16160 2 5 1000
a range +15131 +16160 5 2 1000
a range +15131 +16160 7 8 1000
a range +15131 +16160 8 7 1000
a range +14321 +16239 1 5 1000
a range +14321 +16239 5 1 1000
a range +15934 +16790 2 6 1000
a range +15934 +16790 6 2 1000
a range +15934 +16790 3 7 1000
a range +15934 +16790 7 3 1000
a range +15327 +16945 0 2 1000
a range +15327 +16945 2 0 1000
a range +16567 +17591 2 9 1000
a range +16567 +17591 9 2 1000
a range +16567 +17591 4 7 1000
a range +16567 +17591 7 4 1000
a range +16565 +17594 3 8 1000
a range +16565 +17594 8 3 1000
a range +16565 +17594 5 6 1000
a range +16565 +17594 6 5 1000
a range +15829 +17937 0 5 1000
a range +15829 +17937 5 0 1000
a range +16106 +18216 0 6 1000
a range +16106 +18216 6 0 1000
a range +17368 +18224 4 8 1000
a range +17368 +18224 8 4 1000
a range +17368 +18224 5 9 1000
a range +17368 +18224 9 5 1000
a range +16261 +18317 1 8 1000
a range +16261 +18317 8 1 1000
a range +17324 +18618 0 9 1000
a range +17324 +18618 9 0 1000
a range +16675 +18767 1 3 1000
a range +16675 +18767 3 1 1000
a range +18001 +19025 2 5 1000
a range +18001 +19025 5 2 1000
a range +18001 +19025 7 8 1000
a range +18001 +19025 8 7 1000
a range +17999 +19028 3 4 1000
a range +17999 +19028 4 3 1000
a range +17999 +19028 6 9 1000
a range +17999 +19028 9 6 1000
a range +17225 +19234 1 4 1000
a range +17225 +19234 4 1 1000
a range +18802 +19658 2 6 1000
a range +18802 +19658 6 2 1000
a range +18802 +19658 3 7 1000
a range +18802 +19658 7 3 1000
a range +18473 +19659 0 3 1000
a range +18473 +19659 3 0 1000

